<!-- html table generated in R 3.1.2 by xtable 1.7-4 package -->
<!-- Mon Feb 02 16:47:38 2015 -->
<table border=1>
<tr> <th>  </th> <th> Price </th> <th> County </th> <th> Size </th> <th> Elevation </th> <th> Sewer </th> <th> Date </th> <th> Flood </th> <th> Distance </th> <th> logPrice </th>  </tr>
  <tr> <td align="right"> Price </td> <td align="right"> 1.00 </td> <td align="right"> -0.18 </td> <td align="right"> -0.24 </td> <td align="right"> 0.35 </td> <td align="right"> -0.39 </td> <td align="right"> 0.59 </td> <td align="right"> -0.32 </td> <td align="right"> 0.09 </td> <td align="right"> 0.93 </td> </tr>
  <tr> <td align="right"> County </td> <td align="right"> -0.18 </td> <td align="right"> 1.00 </td> <td align="right"> -0.34 </td> <td align="right"> 0.48 </td> <td align="right"> -0.05 </td> <td align="right"> -0.37 </td> <td align="right"> -0.55 </td> <td align="right"> -0.74 </td> <td align="right"> -0.04 </td> </tr>
  <tr> <td align="right"> Size </td> <td align="right"> -0.24 </td> <td align="right"> -0.34 </td> <td align="right"> 1.00 </td> <td align="right"> -0.21 </td> <td align="right"> 0.05 </td> <td align="right"> -0.35 </td> <td align="right"> 0.11 </td> <td align="right"> 0.56 </td> <td align="right"> -0.22 </td> </tr>
  <tr> <td align="right"> Elevation </td> <td align="right"> 0.35 </td> <td align="right"> 0.48 </td> <td align="right"> -0.21 </td> <td align="right"> 1.00 </td> <td align="right"> -0.36 </td> <td align="right"> -0.06 </td> <td align="right"> -0.37 </td> <td align="right"> -0.36 </td> <td align="right"> 0.43 </td> </tr>
  <tr> <td align="right"> Sewer </td> <td align="right"> -0.39 </td> <td align="right"> -0.05 </td> <td align="right"> 0.05 </td> <td align="right"> -0.36 </td> <td align="right"> 1.00 </td> <td align="right"> -0.15 </td> <td align="right"> -0.11 </td> <td align="right"> -0.16 </td> <td align="right"> -0.47 </td> </tr>
  <tr> <td align="right"> Date </td> <td align="right"> 0.59 </td> <td align="right"> -0.37 </td> <td align="right"> -0.35 </td> <td align="right"> -0.06 </td> <td align="right"> -0.15 </td> <td align="right"> 1.00 </td> <td align="right"> 0.02 </td> <td align="right"> 0.04 </td> <td align="right"> 0.62 </td> </tr>
  <tr> <td align="right"> Flood </td> <td align="right"> -0.32 </td> <td align="right"> -0.55 </td> <td align="right"> 0.11 </td> <td align="right"> -0.37 </td> <td align="right"> -0.11 </td> <td align="right"> 0.02 </td> <td align="right"> 1.00 </td> <td align="right"> 0.42 </td> <td align="right"> -0.41 </td> </tr>
  <tr> <td align="right"> Distance </td> <td align="right"> 0.09 </td> <td align="right"> -0.74 </td> <td align="right"> 0.56 </td> <td align="right"> -0.36 </td> <td align="right"> -0.16 </td> <td align="right"> 0.04 </td> <td align="right"> 0.42 </td> <td align="right"> 1.00 </td> <td align="right"> 0.07 </td> </tr>
  <tr> <td align="right"> logPrice </td> <td align="right"> 0.93 </td> <td align="right"> -0.04 </td> <td align="right"> -0.22 </td> <td align="right"> 0.43 </td> <td align="right"> -0.47 </td> <td align="right"> 0.62 </td> <td align="right"> -0.41 </td> <td align="right"> 0.07 </td> <td align="right"> 1.00 </td> </tr>
   </table>
